0
0
0
0
0
0
0
0
0
0
0
0
0
0
0
0
0
1
0
1
0
1
0
1
0
1
0
1
0
1
0
1
0
0
1
1
0
0
1
1
0
0
1
1
0
0
1
1
0
1
1
10
0
1
1
10
0
1
1
10
0
1
1
10
0
0
0
0
1
1
1
1
0
0
0
0
1
1
1
1
0
1
0
1
1
10
1
10
0
1
0
1
1
10
1
10
0
0
1
1
1
1
10
10
0
0
1
1
1
1
10
10
0
1
1
10
1
10
10
11
0
1
1
10
1
10
10
11
0
0
0
0
0
0
0
0
1
1
1
1
1
1
1
1
0
1
0
1
0
1
0
1
1
10
1
10
1
10
1
10
0
0
1
1
0
0
1
1
1
1
10
10
1
1
10
10
0
1
1
10
0
1
1
10
1
10
10
11
1
10
10
11
0
0
0
0
1
1
1
1
1
1
1
1
10
10
10
10
0
1
0
1
1
10
1
10
1
10
1
10
10
11
10
11
0
0
1
1
1
1
10
10
1
1
10
10
10
10
11
11
0
1
1
10
1
10
10
11
1
10
10
11
10
11
11
100
